<?xml version="1.0"?>
<opencv_storage>
<results type_id="opencv-matrix">
  <rows>400</rows>
  <cols>1</cols>
  <dt>f</dt>
  <data>
    1. 1. 1. 1. 1. 1. 1. 1. 1. 1. 1. 1. 1. 1. 1. 1. 1. 1. 1. 1. 1. 1. 1.
    1. 1. 1. 1. 1. 1. 1. 1. 1. 1. 1. 1. 1. 1. 1. 1. 1. 1. 1. 1. 1. 1. 1.
    1. 1. 1. 1. -1. -1. -1. 1. 1. 1. -1. 1. 1. -1. 1. -1. -1. -1. 1. 1.
    1. 1. 1. 1. 1. 1. 1. 1. 1. 1. 1. 1. 1. 1. 1. 1. 1. 1. 1. 1. 1. 1. 1.
    1. 1. 1. 1. 1. 1. 1. -1. -1. -1. -1. -1. -1. -1. -1. -1. -1. -1. -1.
    -1. -1. -1. -1. -1. -1. -1. -1. -1. -1. -1. -1. -1. -1. -1. -1. -1.
    -1. -1. -1. 1. 1. 1. -1. -1. -1. -1. -1. -1. -1. -1. -1. -1. -1. -1.
    -1. -1. -1. -1. -1. -1. 1. 1. 1. 1. 1. 1. 1. 1. 1. 1. 1. -1. -1. -1.
    -1. -1. -1. -1. -1. 1. 1. 1. 1. 1. 1. 1. 1. 1. 1. 1. 1. 1. 1. 1. 1.
    1. 1. 1. 1. 1. 1. 1. 1. 1. 1. 1. 1. 1. 1. 1. 1. -1. -1. -1. -1. -1.
    -1. -1. -1. -1. -1. -1. -1. -1. -1. -1. -1. -1. -1. -1. -1. -1. -1.
    -1. -1. -1. -1. -1. -1. 1. 1. 1. 1. 1. 1. 1. 1. 1. 1. 1. -1. -1. -1.
    -1. -1. -1. -1. -1. -1. -1. -1. -1. 1. 1. 1. -1. 1. 1. -1. -1. -1.
    -1. -1. -1. -1. -1. -1. -1. -1. -1. -1. -1. -1. -1. -1. -1. -1. -1.
    -1. -1. -1. -1. -1. 1. 1. 1. 1. 1. 1. 1. -1. -1. -1. -1. -1. -1. -1.
    -1. 1. -1. -1. -1. -1. -1. -1. -1. -1. -1. -1. 1. -1. -1. -1. -1. 1.
    1. 1. -1. -1. 1. 1. 1. 1. 1. 1. 1. 1. 1. 1. 1. 1. 1. 1. 1. 1. 1. 1.
    1. 1. 1. 1. 1. 1. 1. -1. 1. 1. 1. 1. 1. 1. 1. 1. 1. 1. 1. 1. 1. 1.
    1. 1. 1. 1. 1. 1. 1. 1. 1. 1. 1. 1. 1. -1. 1. 1. 1. 1. -1. -1. -1.
    -1. -1. -1. -1. -1. -1. -1. -1. -1. -1. -1. -1. 1. -1. -1. 1. 1. -1.
    -1. -1. -1.</data></results>
</opencv_storage>
